11
12
13
14
15
22
33
44
55
66
77
88
99
123456654321
123443210
12344321
12345
123456
1234
1234554321
123456789
12345678
123457
1234567887654321
12345677654321
2580
1990
1991
1992
1993
1994
1995
1996
1997
1998
1998
1999
2000
23456789
23456
3690
15987
78542
15869
1981
1982
1983
1984
1985
1986
7766
4455
11223344
1122334455
6655
4433
1100
1199
4488
2244
147258369
147
2580
369
321
654
987
789
456
123
231
312
0770
0771
0772
0773
0774
0750
0751
0752
0753
0754
82
81
86
16
17
20
23
2022
2023
2024
2019
2018
2013
2014
2006
2003
2004
2002
2007
6688
9955
118
104
112
20
30
40
50
60
70
80
90
10
